000001
000002
000003
000004
000005
000006
000007
000008
000012
000013
000014
000016
000017
000018
000019
000020
000021
000022
000023
000024
000026
000027
000029
000030
000031
000032
000033
000034
000035
000036
000039
000040
000041
000042
000045
000046
000047
000049
000050
000051
000052
000053
000054
000055
000056
000057
000058
000059
000061
000062
000063
000065
000067
000069
000070
000071
000072
000074
000075
000076
000077
000078
000080
000083
000084
000085
000086
000087
000088
000089
000090
000091
000092
000093
000094
000095
000096
000098
000099
000100
000101
000102
000103
000106
000107
000108
000109
000110
000112
000113
000114
000117
000118
000119
000120
000121
000122
000124
000127
000129
000130
000131
000132
000133
000134
000135
000136
000139
000140
000141
000143
000144
000145
000146
000147
000148
000149
000151
000152
000154
000155
000156
000158
000159
000160
000161
000162
000163
000166
000167
000168
000169
000170
000171
000172
000173
000174
000175
000176
000177
000178
000179
000181
000182
000183
000186
000187
000188
000189
000190
000191
000193
000194
000195
000196
000197
000198
000199
000200
000201
000202
000204
000205
000206
000207
000211
000213
000214
000215
000216
000217
000218
000219
000220
000223
000224
000226
000227
000230
000231
000232
000233
000234
000236
000237
000238
000239
000240
000241
000242
000243
000244
000245
000246
000247
000248
000250
000251
000252
000253
000255
000256
000257
000258
000259
000260
000261
000262
000265
000267
000268
000269
000270
000271
000273
000274
000275
000276
000277
000278
000280
000281
000284
000286
000288
000289
000290
000292
000293
000294
000295
000297
000298
000299
000300
000301
000302
000304
000307
000308
000309
000313
000314
000315
000316
000318
000319
000320
000321
000322
000323
000324
000325
000326
000327
000330
000331
000332
000333
000334
000336
000340
000341
000343
000344
000345
000347
000348
000349
000351
000354
000355
000356
000357
000358
000359
000360
000361
000363
000367
000368
000369
000370
000371
000373
000375
000377
000379
000380
000381
000384
000385
000386
000387
000388
000389
000391
000392
000393
000394
000395
000396
000397
000398
000399
000400
000401
000402
000403
000404
000406
000407
000408
000409
000410
000411
000412
000414
000415
000416
000418
000419
000420
000423
000426
000427
000428
000431
000432
000433
000434
000436
000437
000438
000439
000441
000442
000443
000444
000445
000449
000450
000452
000454
000455
000456
000457
000458
000460
000461
000462
000463
000464
000465
000466
000467
000468
000469
000470
000471
000472
000473
000474
000475
000476
000477
000478
000479
000482
000483
000484
000485
000486
000487
000488
000490
000492
000493
000494
000495
000498
000499
000501
000502
000503
000505
000506
000508
000509
000510
000512
000514
000515
000516
000517
000520
000521
000522
000523
000524
000525
000526
000527
000528
000529
000530
000531
000532
000533
000534
000535
000536
000537
000538
000539
000541
000542
000543
000546
000547
000550
000551
000552
000553
000554
000555
000556
000559
000560
000561
000562
000563
000564
000565
000566
000567
000568
000569
000570
000572
000575
000576
000578
000579
000580
000583
000584
000585
000586
000587
000588
000589
000591
000592
000593
000596
000598
000599
000600
000601
000602
000603
000604
000606
000607
000608
000610
000611
000612
000613
000614
000615
000616
000618
000619
000620
000621
000622
000624
000627
000629
000630
000631
000632
000633
000636
000637
000639
000640
000641
000642
000643
000644
000645
000646
000647
000648
000649
000650
000651
000652
000653
000654
000655
000656
000657
000658
000659
000660
000662
000663
000664
000665
000666
000669
000670
000671
000672
000673
000675
000677
000678
000679
000680
000682
000683
000685
000686
000687
000689
000690
000692
000693
000694
000695
000696
000698
000699
000700
000701
000703
000705
000706
000707
000708
000709
000710
000711
000712
000713
000715
000717
000719
000720
000721
000722
000723
000724
000725
000726
000727
000728
000729
000732
000733
000735
000736
000737
000738
000740
000741
000742
000743
000744
000745
000746
000747
000748
000750
000753
000754
000755
000756
000757
000758
000759
000760
000761
000762
000763
000764
000765
000766
000768
000769
000770
000771
000772
000773
000774
000775
000776
000777
000778
000779
000780
000781
000782
000783
000785
000787
000788
000789
000790
000791
000793
000794
000795
000796
000797
000799
000800
000801
000802
000803
000804
000806
000808
000809
000810
000811
000813
000814
000815
000816
000817
000818
000819
000820
000821
000822
000823
000825
000826
000827
000828
000829
000831
000832
000833
000834
000835
000836
000837
000838
000839
000841
000843
000846
000847
000848
000851
000853
000854
000857
000859
000860
000861
000863
000865
000866
000867
000869
000870
000871
000872
000874
000875
000876
000878
000879
000880
000881
000883
000885
000886
000888
000889
000890
000891
000892
000895
000897
000899
000900
000902
000903
000904
000906
000907
000908
000909
000910
000911
000912
000913
000915
000916
000917
000918
000919
000920
000921
000922
000923
000924
000925
000926
000927
000928
000929
000930
000931
000933
000934
000935
000940
000941
000943
000944
000945
000946
000947
000949
000951
000952
000953
000954
000955
000956
000957
000958
000962
000963
000964
000965
000966
000967
000968
000970
000973
000974
000976
000978
000979
000980
000982
000983
000984
000985
000986
000987
000988
000989
000990
000992
000994
000995
000996
000997
000998
000999
001000
001001
001002
001003
001006
001007
001012
001013
001014
001015
001016
001017
001018
001019
001020
001021
001023
001024
001025
001026
001027
001028
001029
001030
001031
001034
001036
001037
001039
001040
001042
001043
001045
001046
001047
001048
001049
001050
001051
001053
001055
001057
001058
001059
001060
001061
001064
001065
001066
001067
001068
001069
001070
001071
001072
001074
001075
001076
001077
001078
001079
001082
001083
001084
001085
001086
001088
001089
001090
001091
001093
001094
001095
001096
001097
001098
001099
001100
001101
001103
001104
001105
001106
001108
001110
001111
001112
001113
001115
001117
001118
001119
001120
001121
001125
001126
001127
001128
001129
001131
001132
001133
001135
001137
001138
001139
001140
001142
001144
001145
001146
001147
001148
001149
001151
001152
001153
001154
001156
001157
001158
001159
001160
001161
001162
001163
001164
001166
001168
001170
001171
001172
001173
001174
001175
001176
001177
001178
001179
001180
001181
001182
001183
001184
001185
001186
001187
001188
001189
001190
001191
001192
001194
001195
001196
001197
001199
001201
001202
001203
001205
001208
001209
001210
001211
001212
001213
001214
001215
001216
001217
001218
001219
001220
001221
001222
001225
001226
001227
001228
001229
001231
001233
001234
001235
001237
001238
001239
001242
001244
001245
001246
001248
001250
001251
001252
001253
001254
001255
001258
001260
001261
001262
001263
001264
001265
001266
001267
001268
001269
001270
001271
001272
001273
001274
001275
001277
001278
001279
001280
001281
001283
001284
001285
001286
001287
001290
001292
001293
001294
001295
001301
001302
001303
001304
001305
001306
001307
001309
001310
001311
001312
001313
001314
001315
001316
001317
001318
001319
001320
001321
001322
001324
001325
001326
